1	1	0	535513	7435421							
2	1	1	537682	7437227	4	0	13	9	0	26819	26829
3	1	2	536435	7437051	4	501	-834	5	1080	26829	26832
4	1	3	526287	7439410	4	0	13	5	0	26832	26855
5	1	4	528635	7429300	4	0	153	8	0	26855	26882
6	1	5	537020	7439790	4	0	240	6	0	26882	26920
7	1	6	537044	7436735	4	0	289	14	0	26920	26925
8	1	7	537662	7433433	4	0	395	8	0	26925	26940
9	1	0	535513	7435421							
10	3	0	535513	7435421							
11	3	1	535324	7436084	1	196	-5413	7	5760	14804	14806
12	3	2	535325	7436040	1	192	-6649	7	4320	14806	14807
13	3	3	535878	7435503	1	196	-7013	6	4320	14807	14808
14	3	4	535905	7435428	1	196	-3791	6	7200	14808	14809
15	3	5	535908	7435428	1	196	-3791	6	7200	14808	14809
16	3	6	535885	7435468	1	196	-3791	7	7200	14809	14810
17	3	7	534650	7437293	1	195	-3808	29	7200	14810	14811
18	3	8	534663	7437186	1	192	-5343	6	5760	14811	14813
19	3	9	538453	7437423	1	196	21	45	7200	14811	14818
20	3	10	538237	7437542	1	196	98	10	8640	14818	14819
21	3	11	536003	7436790	1	195	-3868	6	7200	14819	14822
22	3	12	536489	7436359	1	192	188	6	7200	14822	14826
23	3	13	533721	7438390	1	196	21	5	8640	14826	14831
24	3	14	534579	7437244	1	195	190	34	8640	14831	14837
25	3	0	535513	7435421							
26	3	15	534370	7436445	2	195	-3765	21	7200	15486	15490
27	3	16	535092	7436131	2	195	-3873	2	7200	15490	15491
28	3	17	535494	7436324	2	0	94	52	0	15491	15492
29	3	18	533994	7438474	2	9975	21	11	18720	15492	15496
30	3	19	535993	7436168	2	0	183	14	0	15496	15502
31	3	20	534515	7435792	2	0	334	81	0	15502	15504
32	3	21	536128	7436636	2	0	352	60	0	15504	15508
33	3	22	534612	7437285	2	501	201	4	4969	15508	15510
34	3	23	538366	7437208	2	9909	75	15	14400	15510	15517
35	3	0	535513	7435421							
36	3	24	538490	7436960	3	0	94	28	0	13062	13070
37	3	25	538020	7438044	3	9916	-9571	7	4320	13070	13074
38	3	26	535756	7437336	3	311	-2686	28	5760	13074	13076
39	3	27	538258	7437570	3	9901	21	20	7200	13076	13079
40	3	28	536643	7435434	3	9913	-9981	45	14400	13079	13083
41	3	29	534846	7436091	3	3404	-4219	6	14400	13086	13087
42	3	30	537892	7436707	3	501	434	7	5229	13087	13095
43	3	31	534204	7436211	3	0	570	20	0	13095	13107
44	3	0	535513	7435421							
45	4	0	535513	7435421							
46	4	1	537075	7436941	1	192	-1252	5	7200	14837	14841
47	4	2	534663	7437186	1	102	-1073	40	7200	14841	14845
48	4	3	533233	7438099	1	192	-1252	3	8640	14845	14847
49	4	4	534036	7438338	1	193	-5565	6	7200	14847	14854
50	4	5	535042	7436038	1	196	-1249	3	8640	14854	14856
51	4	6	535885	7435468	1	9948	-1022	16	14400	14858	14859
52	4	7	535905	7435428	1	196	-1001	90	8640	14859	14860
53	4	8	535908	7435428	1	196	-1001	10	8640	14860	14861
54	4	9	535885	7435468	1	196	-1000	24	8640	14861	14862
55	4	10	534579	7437244	1	9913	-853	32	24480	14863	14877
56	4	0	535513	7435421							
57	4	11	535385	7436466	2	311	-988	8	7200	15517	15518
58	4	12	535483	7436445	2	195	-1006	17	8640	15518	15520
59	4	13	534791	7435700	2	0	71	19	0	15520	15522
60	4	14	534353	7436086	2	195	-988	3	8640	15522	15523
61	4	15	535295	7436037	2	3495	-5697	26	14400	15523	15525
62	4	16	535686	7435379	2	9979	-957	1	18720	15525	15526
63	4	17	536128	7436636	2	9904	-875	20	5760	15526	15528
64	4	18	535349	7434455	2	9979	-11319	25	8640	15528	15530
65	4	19	536101	7436536	2	0	374	11	0	15530	15533
66	4	20	534694	7436683	2	0	402	36	0	15533	15535
67	4	21	536882	7435266	2	0	461	48	0	15535	15543
68	4	22	534148	7435624	2	0	512	10	0	15543	15545
69	4	23	534384	7435857	2	0	503	3	0	15545	15546
70	4	24	534372	7436930	2	0	497	5	0	15546	15547
71	4	25	535145	7436650	2	0	531	9	0	15547	15553
72	4	0	535513	7435421							
73	4	26	535376	7436502	3	311	-1054	32	7200	13102	13113
74	4	27	534733	7436252	3	9979	117	5	20160	13113	13114
75	4	28	535389	7436857	3	311	-880	14	7200	13114	13117
76	4	29	535965	7435502	3	501	154	10	6391	13117	13125
77	4	30	536882	7435266	3	0	462	35	0	13125	13142
78	4	31	534515	7435792	3	0	437	9	0	13142	13148
79	4	32	528839	7419843	3	2004	452	20	10080	13148	13168
80	4	0	535513	7435421							
81	4	33	537574	7436723	4	501	-880	5	5357	26960	26969
82	4	34	536217	7436258	4	195	73	10	10080	26969	26977
83	4	35	537557	7436451	4	195	109	10	10080	26977	26984
84	4	36	536992	7437039	4	0	367	5	0	26984	27000
85	4	37	536937	7436824	4	0	372	5	0	27000	27003
86	4	38	536163	7436560	4	0	387	6	0	27003	27009
87	4	0	535513	7435421							
88	5	0	535513	7435421							
89	5	1	535324	7436084	1	9948	-1054	36	15840	14877	14879
90	5	2	535325	7436040	1	192	-2313	24	8640	14880	14881
91	5	3	535337	7435974	1	192	-1422	6	8640	14881	14882
92	5	4	536003	7436790	1	9913	-2402	36	24480	14882	14884
93	5	5	537670	7437322	1	195	-2320	5	8640	14884	14888
94	5	6	538237	7437542	1	196	-2859	40	8640	14888	14890
95	5	7	535225	7436119	1	196	-2782	6	8640	14892	14894
96	5	8	535623	7434775	1	195	14	4	14400	14894	14896
97	5	9	535231	7435929	1	191	-2510	18	8640	14896	14898
98	5	0	535513	7435421							
99	5	10	534783	7437178	2	0	17	54	0	15553	15556
100	5	11	535918	7435265	2	195	-7111	13	7200	15556	15559
101	5	12	535937	7435286	2	9980	-7138	17	14400	15559	15560
102	5	13	534515	7435792	2	0	137	44	0	15560	15562
103	5	14	534694	7436683	2	9904	-907	32	7200	15562	15564
104	5	15	537233	7437626	2	192	-2510	34	8640	15564	15569
105	5	16	537976	7437250	2	196	-2859	16	8640	15569	15570
106	5	17	538011	7437515	2	319	-1413	3	10080	15570	15570
107	5	18	534704	7436599	2	550	223	8	7899	15570	15574
108	5	19	533891	7438417	2	195	421	21	14400	15574	15576
109	5	20	534154	7438479	2	9916	-889	14	15840	15576	15585
110	5	0	535513	7435421							
111	5	21	536128	7436636	3	9003	-1225	17	8640	13202	13208
112	5	22	535897	7436450	3	501	360	5	8032	13213	13217
113	5	23	534750	7436081	3	501	200	5	7878	13217	13218
114	5	24	534852	7435992	3	9943	118	5	17280	13218	13219
115	5	25	535494	7436324	3	501	197	4	7874	13219	13220
116	5	26	535762	7436530	3	9943	134	5	17280	13220	13223
117	5	27	534612	7435852	3	0	588	7	0	13223	13228
118	5	28	535318	7436849	3	9943	66	2	17280	13228	13229
119	5	29	535386	7436890	3	9916	-960	10	15840	13229	13231
120	5	30	536361	7437112	3	311	420	21	10080	13231	13236
121	5	31	534678	7437395	3	0	692	15	0	13236	13247
122	5	32	524844	7400365	3	0	808	23	0	13247	13341
123	5	0	535513	7435421							
124	5	33	535952	7436091	4	193	-996	10	14400	27023	27035
125	5	34	536243	7436488	4	501	219	5	7895	27047	27057
126	5	35	536111	7436326	4	501	310	5	7908	27057	27058
127	5	36	533680	7438377	4	0	302	16	0	27058	27065
128	5	37	536582	7435340	4	501	197	5	7866	27065	27073
129	5	38	538181	7437661	4	501	371	5	8042	27074	27079
130	5	39	537669	7436877	4	311	-1414	4	8640	27080	27082
131	5	40	538711	7437278	4	501	497	5	8163	27088	27091
132	5	0	535513	7435421							
133	6	0	535513	7435421							
134	6	1	535757	7435631	1	196	-1080	50	14400	14898	14899
135	6	2	535164	7435342	1	193	-4245	5	8640	14899	14900
136	6	3	533721	7438390	1	196	-2521	43	10080	14900	14909
137	6	4	535310	7436220	1	192	-2363	19	10080	14909	14911
138	6	5	535042	7436038	1	196	-2508	5	10080	14911	14912
139	6	0	535513	7435421							
140	6	6	538776	7437255	2	9913	-2712	21	25920	15590	15592
141	6	7	534102	7438438	2	0	103	12	0	15592	15599
142	6	8	534486	7436855	2	9916	138	6	18720	15599	15602
143	6	9	535431	7437006	2	9966	-7028	188	15840	15615	15616
144	6	10	534678	7437395	2	0	492	11	0	15616	15618
145	6	11	534900	7437267	2	0	544	12	0	15618	15622
146	6	0	535513	7435421							
147	6	12	532540	7430494	3	0	214	12	0	13341	13354
148	6	13	536069	7437287	3	3404	-1052	27	24480	13361	13363
149	6	14	535587	7436788	3	501	164	4	9274	13363	13363
150	6	15	536018	7436461	3	311	192	12	14400	13363	13364
151	6	16	534791	7435700	3	501	8	5	9065	13364	13366
152	6	17	534527	7435596	3	3404	-1052	25	24480	13366	13366
153	6	18	534511	7435440	3	501	353	4	9464	13366	13367
154	6	19	541444	7440054	3	9980	448	5	24480	13367	13386
155	6	20	535799	7437106	3	501	389	4	9506	13386	13388
156	6	21	535286	7435717	3	3404	-1047	5	24480	13388	13391
157	6	22	535391	7435764	3	3404	-1052	33	24480	13391	13392
158	6	23	536331	7435534	3	3404	-1069	37	24480	13392	13400
159	6	24	538020	7437446	3	3404	-1080	29	24480	13400	13401
160	6	25	538006	7437398	3	3404	-1080	26	24480	13401	13415
161	6	0	535513	7435421							
162	6	26	532540	7430494	4	0	-23	5	0	27105	27120
163	6	27	541595	7418620	4	0	-23	6	0	27120	27150
164	6	28	545380	7422320	4	0	-23	6	0	27150	27186
165	6	29	546650	7419415	4	0	23	4	0	27186	27207
166	6	30	547078	7420762	4	0	154	3	0	27207	27243
167	6	31	538636	7437463	4	501	314	5	9424	27243	27255
168	6	32	538258	7437270	4	501	475	5	9583	27255	27256
169	6	33	538131	7438074	4	311	461	10	14400	27256	27266
170	6	0	535513	7435421							
171	7	0	535513	7435421							
172	7	1	535623	7434775	1	195	-1374	58	15840	14915	14918
173	7	2	534337	7438410	1	192	-4163	10	10080	14918	14923
174	7	3	534353	7436086	1	195	-3900	5	10080	14923	14927
175	7	4	538258	7437570	1	196	-1433	6	15840	14927	14935
176	7	5	537776	7436963	1	192	-3862	6	10080	14927	14935
177	7	6	537459	7437533	1	196	-2805	6	14400	14935	14941
178	7	7	533653	7438477	1	191	-2248	26	14400	14941	14945
179	7	8	533302	7438376	1	191	-2746	48	14400	14945	14948
180	7	9	533233	7438099	1	192	-1433	29	15840	14948	14952
181	7	10	535042	7436038	1	196	36	2	17280	14952	14954
182	7	0	535513	7435421							
183	7	11	534694	7436683	2	9003	-2432	20	10080	15628	15633
184	7	12	534513	7436627	2	191	-3862	30	10080	15633	15634
185	7	13	534148	7435624	2	311	123	7	15840	15634	15636
186	7	14	534515	7435792	2	9003	-1365	15	14400	15636	15638
187	7	15	537619	7437223	2	9979	77	6	24480	15638	15642
188	7	16	536220	7435791	2	9916	-9942	43	10080	15642	15643
189	7	17	533190	7438145	2	501	315	5	10787	15645	15647
190	7	18	533166	7438164	2	501	129	4	10686	15647	15648
191	7	19	535792	7436965	2	501	5	4	10500	15648	15651
192	7	20	535756	7437336	2	195	96	6	17280	15651	15652
193	7	21	536361	7437112	2	195	96	12	17280	15652	15654
194	7	22	536325	7436979	2	9943	153	8	20160	15654	15657
195	7	0	535513	7435421							
196	7	23	534442	7435920	3	9913	-3900	55	25920	13415	13416
197	7	24	540145	7440510	3	0	266	20	0	13421	13441
198	7	25	536027	7435835	3	501	326	4	10879	13441	13447
199	7	26	535549	7436062	3	501	51	5	10594	13447	13449
200	7	27	535483	7436445	3	501	5	4	10500	13449	13451
201	7	28	534382	7435624	3	501	327	5	10880	13451	13453
202	7	29	535886	7436280	3	9976	374	34	20100	13453	13456
203	7	0	535513	7435421							
204	7	30	536215	7436379	4	195	-2382	10	14400	27288	27297
205	7	31	536475	7435595	4	195	-2343	12	14400	27297	27303
206	7	32	537364	7437641	4	9976	-960	3	20100	27303	27312
207	7	33	537753	7436769	4	9979	-1432	3	24480	27312	27320
208	7	34	536273	7436240	4	501	302	6	10793	27320	27325
209	7	35	536139	7436287	4	501	315	5	10865	27325	27327
210	7	36	536114	7436119	4	501	335	5	10893	27327	27328
211	7	37	537588	7436963	4	9901	-940	15	14400	27328	27335
212	7	38	536559	7436480	4	501	373	5	10924	27335	27339
213	7	39	535349	7434455	4	9979	-1432	7	24480	27339	27342
214	7	40	526820	7417513	4	0	660	5	0	27360	27440
215	7	0	535513	7435421							
216	8	0	535513	7435421							
217	8	1	524117	7404620	4	0	1	9	0	27440	27528
218	8	2	534833	7437378	4	0	427	9	0	27615	27630
219	8	3	537774	7426273	4	0	570	5	0	27630	27664
220	8	4	535756	7437336	4	195	70	10	17280	27664	27675
221	8	0	535513	7435421							
222	10	0	535513	7435421							
223	10	1	538636	7437463	1	196	-5311	45	15840	14954	14959
224	10	2	538657	7437491	1	191	-5311	37	15840	14959	14960
225	10	3	538258	7437570	1	3611	-3797	27	15840	14960	14963
226	10	4	537075	7436941	1	192	-5306	6	15840	14963	14967
227	10	5	535164	7435342	1	193	-4143	50	17280	14967	14968
228	10	6	534041	7436715	1	196	-5731	6	15840	14968	14973
229	10	7	533714	7438125	1	192	-4315	20	15840	14973	14975
230	10	8	533402	7438454	1	191	-4118	7	17280	14975	14977
231	10	9	538079	7437438	1	192	335	6	18720	14977	14979
232	10	10	535162	7436378	1	192	430	20	18720	14979	14982
233	10	0	535513	7435421							
234	10	11	535974	7436368	2	3404	-15493	9	14400	15694	15698
235	10	12	533397	7438390	2	311	-4244	3	15840	15698	15700
236	10	13	533906	7436256	2	311	-4148	6	18720	15700	15708
237	10	14	535494	7436324	2	501	186	4	15062	15708	15711
238	10	15	535772	7436443	2	501	337	4	15116	15711	15713
239	10	16	534753	7437011	2	9976	186	12	18719	15713	15715
240	10	17	534900	7437267	2	501	337	4	15152	15715	15716
241	10	18	536877	7435271	2	0	436	27	0	15716	15725
242	10	19	534363	7435892	2	501	427	5	15295	15725	15729
243	10	20	533965	7436376	2	501	488	4	15353	15729	15731
244	10	21	533777	7436404	2	501	382	4	15246	15731	15733
245	10	22	534843	7435504	2	195	53	16	18720	15733	15738
246	10	0	535513	7435421							
247	10	23	538776	7437255	3	9948	-4202	30	20160	13493	13503
248	10	24	535196	7437546	3	501	7	5	14820	13510	13512
249	10	25	536886	7435262	3	0	279	36	0	13516	13554
250	10	26	536154	7435452	3	9904	-4201	10	14400	13554	13555
251	10	27	538362	7437502	3	0	508	10	0	13555	13559
252	10	28	538455	7437540	3	501	382	2	15245	13559	13560
253	10	29	538250	7437660	3	501	339	3	15216	13560	13560
254	10	30	536272	7437168	3	501	490	5	15367	13560	13561
255	10	31	536146	7437065	3	501	508	5	15383	13561	13562
256	10	32	536299	7436356	3	550	535	25	15409	13562	13564
257	10	33	536467	7435531	3	501	488	5	15339	13564	13567
258	10	34	536594	7435305	3	501	382	5	15247	13567	13568
259	10	35	536805	7435137	3	501	335	5	15138	13568	13570
260	10	36	537669	7436877	3	311	-4167	18	15840	13570	13571
261	10	37	536683	7436984	3	311	174	18	17280	13571	13577
262	10	0	535513	7435421							
263	11	0	535513	7435421							
264	11	1	537459	7437533	1	9948	-5356	60	20160	14982	14985
265	11	2	536003	7436790	1	195	-5386	6	17280	14986	14989
266	11	3	536489	7436359	1	311	-1104	6	17280	14989	14993
267	11	4	537802	7436874	1	9913	123	110	36000	14993	14997
268	11	5	537776	7436963	1	102	-5164	45	15840	14997	14999
269	11	6	535319	7435641	1	192	395	23	20160	14999	15004
270	11	0	535513	7435421							
271	11	7	534216	7435515	2	9901	-5	16	18720	15738	15741
272	11	8	533478	7438270	2	311	75	6	18720	15741	15744
273	11	9	533392	7438331	2	501	-5	4	16260	15744	15745
274	11	10	533496	7438401	2	501	-5	4	16260	15745	15746
275	11	11	534331	7437746	2	396	33	19	20160	15746	15748
276	11	12	535429	7435372	2	0	135	7	0	15748	15750
277	11	13	534833	7437094	2	396	33	13	20160	15750	15752
278	11	14	534886	7437100	2	9979	110	3	30240	15752	15754
279	11	0	535513	7435421							
280	11	15	536845	7437007	3	396	-1387	30	18720	13577	13581
281	11	16	537935	7438084	3	9901	-905	15	17280	13581	13584
282	11	17	538235	7437978	3	311	-718	24	17280	13584	13586
283	11	18	536160	7436688	3	311	-932	20	17280	13586	13588
284	11	19	538154	7438128	3	311	-905	15	17280	13588	13595
285	11	20	536215	7436379	3	195	401	38	20160	13595	13602
286	11	21	536440	7436435	3	0	525	15	0	13602	13610
287	11	22	533475	7438236	3	501	114	6	16400	13610	13620
288	11	0	535513	7435421							
289	11	23	536185	7436860	4	195	-1273	5	18720	27950	27959
290	11	24	535507	7436207	4	193	124	14	20160	27959	27972
291	11	25	535623	7434775	4	193	124	14	20160	27972	27972
292	11	26	535820	7436838	4	501	163	5	16480	27972	27983
293	11	27	536683	7436984	4	195	427	9	20160	27983	27988
294	11	0	535513	7435421							
295	12	0	535513	7435421							
296	12	1	536549	7435163	1	193	-6846	5	17280	15030	15033
297	12	2	537588	7436963	1	196	-2873	6	18720	15033	15036
298	12	3	533707	7438245	1	191	-2542	33	18720	15036	15042
299	12	4	534125	7438019	1	192	-2759	5	18720	15042	15044
300	12	5	535058	7435352	1	192	-2450	5	18720	15044	15048
301	12	6	534216	7435515	1	196	-1445	2	20160	15048	15050
302	12	7	535627	7436654	1	192	-989	4	20160	15050	15053
303	12	8	534407	7436933	1	196	21	6	20160	15053	15057
304	12	9	537932	7436687	1	196	-2450	6	18720	15058	15062
305	12	10	536003	7436790	1	199	-1237	50	18720	15062	15064
306	12	11	536572	7436800	1	192	-2345	32	18720	15065	15065
307	12	12	535844	7437035	1	196	85	6	24480	15065	15069
308	12	0	535513	7435421							
309	12	13	536175	7436748	2	9979	-9997	10	24480	15764	15767
310	12	14	534823	7437183	2	9976	-2543	5	20159	15767	15771
311	12	15	534663	7437186	2	9979	-6885	5	24480	15771	15773
312	12	16	537386	7436751	2	0	136	9	0	15777	15780
313	12	17	534714	7435523	2	0	169	10	0	15758	15759
314	12	18	534577	7435407	2	0	186	0	0	15758	15758
315	12	19	534354	7435693	2	0	153	61	0	15780	15790
316	12	20	535720	7435938	2	9913	-12605	32	24480	15791	15793
317	12	21	534429	7435368	2	501	366	3	18123	15793	15795
318	12	22	534392	7435321	2	3404	-2372	10	28800	15795	15796
319	12	23	533872	7436633	2	3404	-2372	15	28800	15796	15798
320	12	24	534148	7435624	2	195	465	22	24480	15798	15800
321	12	25	536128	7436636	2	9904	-1013	14	17280	15800	15803
322	12	26	536877	7435271	2	0	510	37	0	15803	15806
323	12	0	535513	7435421							
324	12	27	525686	7447558	3	0	84	10	0	13621	13641
325	12	28	523419	7445774	3	0	115	30	0	13641	13657
326	12	29	518550	7456470	3	0	79	13	0	13657	13678
327	12	30	519093	7450903	3	0	232	14	0	13678	13705
328	12	31	523419	7445774	3	319	142	15	24480	13705	13706
329	12	32	536784	7435162	3	501	354	5	18111	13717	13719
330	12	33	536805	7435137	3	501	359	5	18113	13719	13720
331	12	34	537019	7435347	3	9901	110	20	20160	13720	13721
332	12	35	536344	7435984	3	501	161	4	17909	13721	13721
333	12	36	537732	7437332	3	3404	-9709	28	24480	13721	13723
334	12	37	537436	7437652	3	3404	-9709	11	24480	13723	13724
335	12	38	537922	7437234	3	3404	-9720	12	24480	13724	13725
336	12	39	536974	7436600	3	501	366	5	18118	13725	13726
337	12	40	536085	7432955	3	0	628	81	0	13726	13738
338	12	0	535513	7435421							
339	12	41	534383	7435978	4	3495	-1394	7	30240	28015	28021
340	12	42	535952	7436091	4	311	-1225	7	18720	28028	28032
341	12	43	535720	7435938	4	501	18	5	17700	28032	28034
342	12	44	534280	7424640	4	0	105	6	0	28040	28088
343	12	45	523506	7407492	4	0	345	4	0	28088	28160
344	12	46	534337	7436009	4	501	176	5	17925	28160	28165
345	12	47	535578	7437018	4	311	-1269	10	18720	28165	28167
346	12	48	534353	7436086	4	501	398	5	18152	28167	28168
347	12	49	534723	7435979	4	501	366	5	18120	28168	28170
348	12	50	534868	7436450	4	501	387	5	18142	28170	28172
349	12	51	536877	7435271	4	0	509	5	0	28172	28177
350	12	52	535501	7435916	4	311	312	8	20160	28177	28180
351	12	53	535507	7436207	4	323	64	11	20160	28180	28181
352	12	0	535513	7435421							
353	13	0	535513	7435421							
354	13	1	535042	7436038	1	196	-2761	30	20160	15069	15073
355	13	2	537075	7436941	1	192	-2340	35	20160	15076	15080
356	13	3	536836	7435005	1	192	-1419	24	20160	15080	15087
357	13	4	535623	7434775	1	192	-1419	40	20160	15087	15095
358	13	0	535513	7435421							
359	13	5	535841	7435816	2	3404	-3812	14	28800	15805	15810
360	13	6	535286	7435717	2	3404	-3812	10	28800	15810	15811
361	13	7	535199	7435494	2	3404	-3803	14	28800	15812	15814
362	13	8	534469	7435586	2	3404	-3812	13	28800	15815	15816
363	13	9	535648	7435411	2	9979	-3983	8	28800	15816	15818
364	13	10	536636	7435331	2	9979	-31240	59	28800	15818	15821
365	13	11	536725	7436714	2	9979	-3860	7	28800	15821	15823
366	13	12	535704	7437040	2	3403	168	12	36000	15823	15825
367	13	13	535403	7436953	2	3230	-42772	5	18720	15825	15828
368	13	0	535513	7435421							
369	13	14	536723	7435928	3	9916	-1355	62	27360	13738	13743
370	13	15	534760	7435279	3	0	174	32	0	13743	13753
371	13	16	536720	7435085	3	501	-894	5	18301	13753	13755
372	13	17	536376	7435388	3	3404	-11132	35	24480	13755	13758
373	13	18	536192	7435516	3	501	433	5	19626	13758	13760
374	13	19	536756	7435610	3	195	349	10	25920	13760	13768
375	13	20	537386	7436751	3	9979	-899	5	34560	13768	13772
376	13	21	537557	7436451	3	195	59	44	25920	13772	13775
377	13	22	538154	7438128	3	195	389	30	25920	13775	13778
378	13	0	535513	7435421							
379	13	23	537020	7439790	4	0	10	7	0	28181	28200
380	13	24	536062	7435488	4	195	-2335	10	20160	28200	28206
381	13	25	535476	7436170	4	323	-875	10	20160	28206	28212
382	13	26	535440	7437082	4	501	11	5	19140	28212	28220
383	13	27	534308	7435927	4	501	168	5	19357	28220	28226
384	13	28	534653	7435275	4	195	22	7	25920	28226	28228
385	13	29	535313	7436495	4	0	380	5	0	28228	28230
386	13	30	535982	7436284	4	311	99	7	24480	28230	28233
387	13	31	535422	7437326	4	396	11	10	25920	28233	28235
388	13	32	536273	7436781	4	193	435	7	25920	28235	28237
389	13	33	536227	7436617	4	195	286	8	25920	28237	28240
390	13	34	538072	7437503	4	3404	-11170	10	24480	28240	28245
391	13	35	538052	7437322	4	3404	-11157	10	24480	28245	28250
392	13	0	535513	7435421							
393	14	0	535513	7435421							
394	14	1	535627	7436654	1	102	-2534	120	20160	15095	15099
395	14	2	534331	7438086	1	192	-2830	30	20160	15099	15102
396	14	3	534125	7438019	1	192	-809	17	25920	15102	15106
397	14	4	535844	7437035	1	195	-2782	4	24480	15106	15107
398	14	5	537932	7436687	1	196	311	32	27360	15107	15110
399	14	6	535844	7437035	1	3611	-2265	2	20160	15110	15114
400	14	7	538079	7437438	1	192	-1028	6	25920	15114	15119
401	14	0	535513	7435421							
402	14	8	536395	7435814	2	9957	-2345	7	20160	15841	15844
403	14	9	536133	7437380	2	9957	-905	12	24480	15844	15847
404	14	10	536450	7436494	2	9957	-1237	43	24480	15847	15849
405	14	11	534510	7436986	2	9901	16	6	25920	15849	15851
406	14	12	536128	7436636	2	9004	-1154	11	24480	15851	15855
407	14	13	534856	7435370	2	9918	16	13	24480	15855	15858
408	14	14	535240	7436699	2	9979	176	12	34560	15858	15860
409	14	15	537157	7437301	2	0	407	9	0	15860	15863
410	14	16	538413	7437571	2	9957	28	11	25920	15863	15867
411	14	17	534236	7436231	2	3404	437	13	34560	15867	15871
412	14	18	533922	7436582	2	9917	131	5	34560	15871	15875
413	14	19	533994	7438474	2	9975	23	8	34560	15875	15885
414	14	0	535513	7435421							
415	14	20	538256	7438014	3	0	274	25	0	13783	13798
416	14	21	536192	7435516	3	501	-839	5	19796	13799	13801
417	14	22	536376	7435388	3	195	154	40	27360	13801	13805
418	14	23	537634	7437044	3	195	408	34	27360	13805	13808
419	14	24	537765	7436711	3	550	206	20	20833	13808	13810
420	14	25	537623	7437381	3	501	31	6	20580	13810	13815
421	14	26	537634	7437044	3	0	662	12	0	13815	13824
422	14	27	536882	7435266	3	0	704	1	0	13824	13838
423	14	0	535513	7435421							
424	14	28	536693	7435518	4	3404	-12600	11	24480	28255	28259
425	14	29	535197	7437659	4	311	-855	8	24480	28259	28268
426	14	30	535772	7436443	4	311	106	10	25920	28268	28278
427	14	31	535948	7435663	4	311	206	7	25920	28280	28285
428	14	32	535135	7436066	4	501	390	5	21028	28285	28293
429	14	33	535319	7435641	4	0	531	7	0	28293	28308
430	14	0	535513	7435421							
431	15	0	535513	7435421							
432	15	1	536273	7436781	2	192	138	21	27360	15885	15888
433	15	2	536216	7436851	2	192	138	10	27360	15888	15889
434	15	3	536194	7436817	2	9980	219	107	36000	15890	15891
435	15	4	533687	7436122	2	0	331	17	0	15891	15893
436	15	5	534812	7436419	2	0	331	21	0	15893	15896
437	15	0	535513	7435421							
438	15	6	546492	7396463	3	0	-180	70	0	13838	13895
439	15	7	546497	7396479	3	0	3	91	0	13895	13918
440	15	8	554965	7401870	3	0	36	90	0	13918	13958
441	15	9	550646	7399658	3	0	7	9	0	13958	13973
442	15	10	544253	7408910	3	0	413	36	0	13973	13988
443	15	11	544970	7413070	3	0	410	15	0	13988	14026
444	15	12	534601	7394118	3	0	713	22	0	14026	14149
445	15	0	535513	7435421							
446	17	0	535513	7435421							
447	17	1	537588	7436963	1	196	-6887	47	24480	15896	15900
448	17	2	537922	7437234	1	192	-6887	46	24480	15900	15902
449	17	3	535310	7436220	1	192	-5363	2	25920	15902	15908
450	17	4	533275	7438092	1	196	-7061	44	24480	15910	15912
451	17	5	534216	7435515	1	196	-5558	6	25920	15912	15915
452	17	6	534277	7435558	1	192	15	43	28800	15915	15916
453	17	7	535092	7436131	1	195	15	7	27360	15916	15918
454	17	8	537892	7436707	1	196	-5604	7	25920	15918	15921
455	17	9	535802	7435041	1	192	-5634	5	25920	15921	15925
456	17	10	536472	7435998	1	196	-3928	6	27360	15925	15929
457	17	0	535513	7435421							
458	17	11	535958	7436219	3	0	55	6	0	14149	14152
459	17	12	535748	7436676	3	0	66	8	0	14152	14153
460	17	13	536018	7436461	3	501	145	5	25103	14157	14157
461	17	14	536352	7435460	3	501	153	4	25107	14164	14172
462	17	15	535611	7436127	3	0	199	19	0	14172	14175
463	17	16	535392	7435486	3	501	164	5	25115	14175	14176
464	17	17	535345	7435497	3	501	153	4	25112	14176	14176
465	17	18	534856	7435370	3	0	256	9	0	14176	14182
466	17	19	534269	7436968	3	0	422	8	0	14182	14190
467	17	20	536059	7436380	3	501	355	5	25306	14190	14194
468	17	21	538402	7437466	3	3404	-16920	40	24480	14194	14198
469	17	22	537634	7437044	3	195	15	23	28800	14198	14200
470	17	23	537044	7436735	3	501	107	4	25063	14200	14201
471	17	24	535310	7436220	3	9977	-3610	5	27360	14201	14202
472	17	25	535627	7436639	3	195	538	26	28800	14203	14208
473	17	26	534708	7435290	3	3404	-3883	10	34560	14208	14209
474	17	0	535513	7435421							
475	18	0	535513	7435421							
476	18	1	538079	7437438	1	102	-5150	39	25920	15119	15126
477	18	2	538010	7437200	1	9913	93	76	47520	15119	15126
478	18	3	537940	7437775	1	195	-1021	5	28800	15126	15127
479	18	4	536557	7436879	1	192	-6738	7	25920	15127	15131
480	18	5	537935	7438084	1	9980	166	41	40320	15131	15135
481	18	6	535324	7436084	1	192	19	23	28800	15135	15136
482	18	7	535844	7437035	1	3611	-1370	43	27360	15136	15137
483	18	8	537935	7438084	1	196	-1425	7	28800	15138	15139
484	18	9	535586	7436913	1	195	-5654	7	27360	15139	15140
485	18	10	535844	7437035	1	9980	411	46	40320	15140	15140
486	18	11	536061	7436893	1	196	-5546	7	27360	15140	15142
487	18	0	535513	7435421							
488	18	12	534694	7436683	2	9004	-4192	37	25920	15939	15942
489	18	13	533906	7436256	2	9948	-1370	30	34560	15942	15943
490	18	14	535302	7436306	2	9944	-6652	3	28800	15943	15944
491	18	15	535313	7436495	2	9944	-6652	3	28800	15944	15944
492	18	16	535345	7436498	2	9944	-6652	3	28800	15944	15944
493	18	17	535385	7436466	2	9944	-6652	3	28800	15944	15945
494	18	18	535504	7436515	2	9944	-6652	3	28800	15945	15945
495	18	19	535399	7436332	2	9944	-6652	2	28800	15945	15945
496	18	20	535385	7436466	2	9944	-6652	3	28800	15945	15946
497	18	21	535494	7436324	2	9944	-6652	3	28800	15946	15946
498	18	22	535504	7436237	2	9944	-6652	3	28800	15946	15946
499	18	23	535494	7436324	2	9944	-6652	3	28800	15946	15947
500	18	24	535476	7436170	2	9944	-6652	2	28800	15947	15947
501	18	25	535537	7436176	2	9944	-6652	3	28800	15947	15948
502	18	26	535556	7436295	2	9944	-6652	3	28800	15948	15948
503	18	27	535394	7436375	2	9944	-6652	3	28800	15948	15949
504	18	28	535506	7436356	2	9944	-6652	3	28800	15949	15949
505	18	29	535452	7436406	2	9944	-6652	3	28800	15949	15949
506	18	30	537935	7438084	2	3230	-9877	32	59040	15949	15955
507	18	31	536194	7436817	2	323	-1333	15	25920	15955	15958
508	18	32	536185	7436786	2	323	-1370	15	25920	15958	15959
509	18	33	536175	7436748	2	323	-1370	16	25920	15959	15960
510	18	34	533679	7437984	2	195	-1085	15	28800	15960	15963
511	18	35	535483	7436445	2	9979	-5323	8	34560	15963	15966
512	18	36	534995	7436121	2	9913	446	65	47520	15966	15969
513	18	0	535513	7435421							
514	18	37	535239	7436265	3	9948	-1370	20	34560	14209	14210
515	18	38	535265	7436267	3	9948	-1252	15	34560	14210	14210
516	18	39	535239	7436265	3	9948	-1370	10	34560	14210	14211
517	18	40	535988	7436458	3	0	147	7	0	14211	14212
518	18	41	534515	7435792	3	9004	-4128	18	25920	14212	14215
519	18	42	535313	7437266	3	9901	93	23	28800	14215	14219
520	18	43	537338	7436963	3	0	237	23	0	14219	14226
521	18	44	536031	7437299	3	311	166	20	28800	14229	14232
522	18	45	536128	7436636	3	9003	-6997	33	27360	14232	14237
523	18	46	536227	7436617	3	195	-891	5	28800	14237	14238
524	18	47	536034	7436286	3	311	377	19	28800	14238	14239
525	18	48	535678	7436404	3	396	-1370	17	28800	14239	14240
526	18	49	535870	7436452	3	195	-1021	30	28800	14240	14253
527	18	0	535513	7435421							
528	18	50	536104	7435699	4	501	17	5	26340	28325	28328
529	18	51	533742	7438484	4	0	31	9	0	28328	28336
530	18	52	536050	7436281	4	501	17	5	26340	28336	28342
531	18	53	536504	7436547	4	9979	-5648	10	34560	28342	28347
532	18	54	537044	7436735	4	501	48	5	26445	28347	28350
533	18	55	538414	7436766	4	319	19	3	30240	28350	28357
534	18	56	537634	7437044	4	311	-760	7	27360	28357	28369
535	18	57	537455	7436765	4	195	-1021	2	28800	28369	28372
536	18	58	536139	7436287	4	195	-949	10	28800	28372	28376
537	18	59	536723	7435928	4	3495	-9877	3	30240	28376	28380
538	18	60	535205	7434291	4	9979	-5232	3	34560	28380	28385
539	18	61	535044	7434453	4	9979	-949	10	38880	28385	28387
540	18	62	536050	7436281	4	195	-1295	9	28800	28387	28393
541	18	63	536569	7436405	4	9979	-988	12	38880	28393	28395
542	18	64	537935	7438084	4	3611	538	40	28800	28395	28400
543	18	0	535513	7435421							
544	19	0	535513	7435421							
545	19	1	536472	7435998	1	3611	-2275	58	27360	15145	15147
546	19	2	534216	7435515	1	196	-1421	43	28800	15147	15154
547	19	3	536061	7436893	1	9913	49	82	48960	15154	15156
548	19	4	534185	7438105	1	192	-6889	7	27360	15156	15161
549	19	5	535092	7436131	1	199	-2346	45	27360	15161	15169
550	19	0	535513	7435421							
551	19	6	533934	7436435	2	0	-30	42	0	16041	16045
552	19	7	534694	7436683	2	9907	-881	9	36000	16051	16057
553	19	8	533296	7438311	2	9954	33	3	37440	72370	72375
554	19	9	534394	7437020	2	9979	-855	6	40320	16057	16058
555	19	10	533881	7437569	2	9909	110	1	37440	16058	16062
556	19	11	533679	7437984	2	195	203	7	34560	16065	16067
557	19	12	533881	7437569	2	550	322	10	28056	16067	16068
558	19	13	533478	7438270	2	195	173	4	34560	16068	16069
559	19	14	533803	7437761	2	9954	472	5	37440	16069	16071
560	19	0	535513	7435421							
561	19	15	535164	7435342	3	3404	-6763	19	34560	14253	14254
562	19	16	534708	7435290	3	3404	-906	17	40320	14254	14255
563	19	17	535740	7435115	3	0	112	21	0	14255	14256
564	19	18	535982	7435344	3	396	33	19	34560	14256	14258
565	19	19	536090	7437222	3	9913	-2865	62	44640	14258	14265
566	19	20	535870	7436452	3	311	173	16	30240	14265	14269
567	19	21	535772	7436443	3	396	-2810	14	28800	14269	14273
568	19	22	535815	7435487	3	396	33	15	34560	14273	14274
569	19	23	535655	7435673	3	311	33	10	30240	14274	14275
570	19	24	535391	7435764	3	3404	-6763	22	34560	14275	14275
571	19	25	535305	7435897	3	9980	-1347	16	40320	14275	14276
572	19	26	535578	7436453	3	9979	-2865	5	37440	14276	14280
573	19	27	535867	7436480	3	501	322	5	28054	14280	14281
574	19	28	537004	7435778	3	0	554	21	0	14281	14285
575	19	29	536056	7441217	3	0	568	20	0	14285	14294
576	19	30	533608	7438380	3	0	637	81	0	14294	14311
577	19	0	535513	7435421							
578	19	31	536992	7437039	4	0	75	19	0	28413	28420
579	19	32	536693	7435406	4	501	3	5	27780	28429	28435
580	19	33	536036	7435909	4	0	347	10	0	28435	28442
581	19	34	538234	7437761	4	396	32	8	34560	28442	28451
582	19	35	536559	7436480	4	501	536	5	28372	28451	28457
583	19	0	535513	7435421							
584	20	0	535513	7435421							
585	20	1	535878	7435503	1	196	-4305	10	28800	15169	15170
586	20	2	535092	7436131	1	9913	-1391	72	48960	15170	15173
587	20	3	534987	7436886	1	196	-2758	9	30240	15173	15175
588	20	4	534230	7438115	1	192	-2861	42	28800	15175	15181
589	20	5	535058	7435352	1	192	-2422	45	30240	15181	15184
590	20	6	535139	7435328	1	193	342	7	36000	15184	15185
591	20	7	533923	7436390	1	9948	126	48	38880	15185	15189
592	20	0	535513	7435421							
593	20	8	535379	7435621	2	0	12	60	0	16083	16086
594	20	9	534711	7436793	2	501	-846	3	28424	16086	16088
595	20	10	537892	7436707	2	9901	-1391	5	30240	16096	16099
596	20	11	535395	7434400	2	9909	143	2	38880	16099	16103
597	20	12	533478	7438270	2	195	178	11	36000	16103	16108
598	20	13	534152	7438321	2	195	398	9	36000	16108	16109
599	20	14	534851	7437225	2	501	414	2	29686	16109	16112
600	20	15	534356	7436029	2	9980	519	61	44640	16117	16120
601	20	16	533942	7436357	2	0	747	14	0	16120	16123
602	20	17	538079	7437438	2	0	703	18	0	16123	16133
603	20	0	535513	7435421							
604	20	18	535952	7436091	3	311	-1438	20	30240	14320	14323
605	20	19	537144	7436285	3	0	186	11	0	14323	14326
606	20	20	538735	7435809	3	0	206	17	0	14326	14342
607	20	21	534635	7435968	3	9913	-11152	59	37440	14332	14339
608	20	22	534353	7436086	3	9979	-8329	119	34560	14339	14345
609	20	23	536313	7436826	3	501	507	2	29782	14345	14349
610	20	24	536227	7436617	3	195	507	16	36000	14349	14351
611	20	25	534366	7435837	3	0	601	70	0	14351	14356
612	20	0	535513	7435421							
613	20	26	537144	7436285	4	0	-36	8	0	28460	28492
614	20	27	537338	7436963	4	0	-43	15	0	28492	28503
615	20	28	536154	7435452	4	9003	-1298	12	30240	28503	28519
616	20	29	536134	7435697	4	9901	376	9	34560	28519	28532
617	20	30	536761	7436783	4	501	414	5	29693	28532	28542
618	20	0	535513	7435421							
619	21	0	535513	7435421							
620	21	1	533402	7438454	1	191	-3870	36	30240	15194	15197
621	21	2	535586	7436913	1	195	-2513	40	34560	15197	15204
622	21	3	538414	7436766	1	196	-2540	11	34560	15204	15212
623	21	4	537019	7435347	1	196	-2770	5	34560	15212	15217
624	21	5	535042	7436038	1	196	-2558	10	34560	15217	15221
625	21	6	535483	7436445	1	196	-953	18	36000	15221	15227
626	21	0	535513	7435421							
627	21	7	534718	7436690	2	9907	-2698	8	37440	16133	16134
628	21	8	534665	7436674	2	9907	-2695	6	37440	16134	16135
629	21	9	534755	7436671	2	9907	-2695	11	37440	16135	16136
630	21	10	534513	7436627	2	9909	-2707	7	37440	16136	16137
631	21	11	535395	7434400	2	9907	-1098	5	38880	16137	16138
632	21	12	534681	7436835	2	311	115	6	36000	16138	16140
633	21	13	536090	7437222	2	9980	-1043	112	44640	16154	16155
634	21	14	533634	7438014	2	193	514	17	37440	16156	16164
635	21	0	535513	7435421							
636	21	15	536371	7437149	3	501	150	5	30865	14367	14371
637	21	16	535726	7436195	3	9979	-2440	25	44640	14371	14373
638	21	17	536034	7436286	3	195	-2759	8	34560	14373	14376
639	21	18	535345	7435497	3	9976	192	39	35999	14376	14379
640	21	19	536594	7435305	3	0	436	27	0	14379	14380
641	21	20	536877	7435271	3	0	525	14	0	14380	14383
642	21	21	536313	7436826	3	501	303	5	30953	14383	14384
643	21	22	535225	7437577	3	9901	345	4	36000	14384	14385
644	21	23	535486	7436412	3	9916	-920	4	38880	14386	14387
645	21	24	535817	7437263	3	9979	-4098	12	40320	14387	14390
646	21	0	535513	7435421							
647	21	25	537806	7436813	4	501	9	5	30660	28589	28593
648	21	26	534777	7436099	4	9913	109	15	54720	28599	28610
649	21	27	534041	7436715	4	196	-1027	11	36000	28610	28615
650	21	28	537455	7436765	4	195	42	10	37440	28615	28628
651	21	29	538131	7438074	4	195	-805	10	36000	28628	28637
652	21	30	536826	7435583	4	501	211	5	30928	28637	28643
653	21	31	537131	7435145	4	501	338	5	31054	28643	28645
654	21	32	537848	7437125	4	501	303	5	30973	28645	28657
655	21	33	536792	7437023	4	501	411	5	31121	28657	28660
656	21	34	534041	7436715	4	9980	345	5	44640	28660	28662
657	21	35	537390	7437524	4	9901	180	6	36000	28662	28664
658	21	36	538331	7437205	4	195	211	8	37440	28664	28670
659	21	0	535513	7435421							
660	22	0	535513	7435421							
661	22	1	535544	7436414	2	0	-4	74	0	16164	16166
662	22	2	525807	7445340	2	0	54	7	0	587	626
663	22	3	535732	7452063	2	0	176	36	0	6026	6085
664	22	4	518578	7452393	2	0	459	42	0	685	695
665	22	5	515316	7472076	2	0	612	1	0	70695	70744
666	22	6	518231	7451620	2	0	726	63	0	95828	95873
667	22	7	518403	7451907	2	0	672	35	0	95873	95895
668	22	0	535513	7435421							
669	22	8	521887	7435843	4	0	1	265	0	28674	28678
670	22	9	520854	7433942	4	0	386	81	0	28678	28775
671	22	0	535513	7435421							
672	23	0	535513	7435421							
673	23	1	525808	7447725	2	0	-727	62	0	95895	95908
674	23	2	517250	7456820	2	0	19	28	0	95908	95943
675	23	3	525275	7458818	2	0	236	10	0	70744	70758
676	23	4	523045	7460830	2	0	236	8	0	70758	70775
677	23	5	522614	7461535	2	0	392	18	0	70775	70790
678	23	0	535513	7435421							
-1											
