0 1 14
0 2 61
0 3 78
0 4 25
0 5 20
0 6 8
0 7 10
0 8 120
0 9 353
0 10 356
0 11 403
0 12 356
0 13 353
0 14 356
0 15 315
0 16 400
1 0 14
1 2 28
1 3 95
1 4 40
1 5 33
1 6 14
1 7 13
1 8 99
1 9 353
1 10 356
1 11 353
1 12 406
1 13 353
1 14 356
1 15 365
1 16 350
2 0 61
2 1 28
2 3 18
2 4 67
2 5 59
2 6 44
2 7 52
2 8 92
2 9 312
2 10 315
2 11 312
2 12 412
2 13 362
2 14 315
2 15 324
2 16 409
3 0 78
3 1 95
3 2 18
3 4 79
3 5 92
3 6 91
3 7 91
3 8 100
3 9 353
3 10 356
3 11 353
3 12 456
3 13 353
3 14 356
3 15 365
3 16 400
4 0 25
4 1 40
4 2 67
4 3 79
4 5 9
4 6 15
4 7 21
4 8 142
4 9 365
4 10 368
4 11 365
4 12 368
4 13 365
4 14 368
4 15 377
4 16 362
5 0 20
5 1 33
5 2 59
5 3 92
5 4 9
5 6 12
5 7 30
5 8 135
5 9 368
5 10 371
5 11 368
5 12 371
5 13 358
5 14 371
5 15 380
5 16 365
6 0 10
6 1 14
6 2 44
6 3 91
6 4 15
6 5 21
6 7 9
6 8 116
6 9 359
6 10 362
6 11 359
6 12 362
6 13 359
6 14 362
6 15 371
6 16 356
7 0 10
7 1 13
7 2 52
7 3 91
7 4 27
7 5 36
7 6 15
7 8 123
7 9 356
7 10 359
7 11 356
7 12 359
7 13 356
7 14 359
7 15 368
7 16 353
8 0 120
8 1 99
8 2 92
8 3 100
8 4 142
8 5 135
8 6 116
8 7 123
8 9 233
8 10 236
8 11 233
8 12 236
8 13 233
8 14 236
8 15 245
8 16 230
9 0 353
9 1 353
9 2 309
9 3 350
9 4 362
9 5 365
9 6 356
9 7 353
9 8 233
9 10 10
9 11 21
9 12 18
9 13 21
9 14 18
9 15 30
9 16 12
10 0 356
10 1 356
10 2 315
10 3 356
10 4 368
10 5 371
10 6 362
10 7 359
10 8 236
10 9 9
10 11 9
10 12 24
10 13 9
10 14 24
10 15 21
10 16 15
11 0 403
11 1 353
11 2 312
11 3 353
11 4 365
11 5 368
11 6 359
11 7 356
11 8 233
11 9 18
11 10 10
11 12 10
11 13 18
11 14 10
11 15 30
11 16 10
12 0 356
12 1 406
12 2 412
12 3 456
12 4 368
12 5 371
12 6 362
12 7 359
12 8 236
12 9 15
12 10 18
12 11 10
12 13 10
12 14 18
12 15 21
12 16 12
13 0 353
13 1 353
13 2 362
13 3 353
13 4 362
13 5 365
13 6 359
13 7 356
13 8 233
13 9 18
13 10 10
13 11 18
13 12 10
13 14 10
13 15 27
13 16 10
14 0 356
14 1 356
14 2 365
14 3 356
14 4 368
14 5 371
14 6 362
14 7 359
14 8 236
14 9 15
14 10 18
14 11 10
14 12 18
14 13 10
14 15 24
14 16 12
15 0 315
15 1 365
15 2 374
15 3 365
15 4 377
15 5 380
15 6 371
15 7 368
15 8 245
15 9 27
15 10 21
15 11 30
15 12 21
15 13 27
15 14 21
15 16 30
16 0 400
16 1 350
16 2 359
16 3 350
16 4 362
16 5 365
16 6 356
16 7 353
16 8 230
16 9 12
16 10 15
16 11 10
16 12 12
16 13 10
16 14 12
16 15 30