1 -5572.57 2839.81
2 -6729.21 2962.82
3 -8326.72 3219.84
4 -4961.07 2920.67
5 -6202.70 3014.64
6 -5544.93 2494.33
7 -6712.64 3446.49
8 -5400.52 2707.84
9 -5383.92 2365.84
10 -5220.18 2746.55
11 -7159.69 3326.96
12 -5320.37 2850.20
13 -5685.17 2603.52
14 -6805.21 2342.34
15 -6725.75 2604.20
16 -5577.40 2768.64
17 -5531.11 1846.22
18 -8313.57 3276.50
19 -8456.60 2861.92
20 -5690.01 2157.15
21 -6193.72 3106.52
22 -6068.67 2926.89
23 -6709.88 3102.40
24 -5245.72 3038.81
25 -6380.27 2936.57
26 -5047.44 2870.91
27 -5322.42 2687.11
28 -5468.21 2891.63
29 -8176.09 3183.22
30 -6711.93 2179.95
31 -6047.92 2672.62
32 -6702.97 1990.63
33 -6279.39 2235.23
34 -8507.06 3404.34
35 -6772.07 3241.95
36 -5754.27 2130.20
37 -5198.07 2978.71
38 -5509.00 2756.92
39 -6584.82 2235.23
40 -7909.38 2940.71
41 -6050.69 2294.65
42 -6129.46 2367.20
43 -6626.97 2498.48
44 -7667.55 2226.26
45 -7221.19 2568.27
46 -5166.26 2779.70
47 -5916.64 3092.70
48 -5484.79 3016.03
49 -6610.36 2698.17
50 -5772.25 2877.83
51 -6498.45 2309.87
52 -6039.65 2727.21
53 -5696.92 1931.22
54 -5823.36 2103.96
55 -8459.38 3264.08
56 -5261.63 2974.55
57 -5689.32 2252.50
58 -5551.82 2343.71
59 -5195.30 2832.23
60 -8380.61 2622.85
61 -6188.88 3076.14
62 -5570.49 2788.70
63 -7132.05 2806.65
64 -5463.38 2636.00
65 -5790.89 2758.28
66 -6445.93 2571.74
67 -5015.64 2908.91
68 -6194.43 2749.99
69 -8112.52 3293.77
70 -5959.50 2879.91
71 -6683.62 3008.43
72 -6660.11 2935.87
73 -6477.72 2246.28
74 -6675.33 2324.36
75 -7390.45 3095.47
76 -6680.17 2434.22
77 -6012.69 2240.06
78 -6441.79 2674.67
79 -8452.47 3288.93
80 -5228.45 2861.23
81 -7162.46 2893.02
82 -5109.61 2958.66
83 -5602.95 2216.59
84 -5828.20 3212.26
85 -5702.45 1889.08
86 -8479.42 2656.02
87 -7320.67 2465.33
88 -8270.73 2378.25
89 -8144.31 2332.65
90 -8421.36 2580.03
91 -8458.67 2610.42
92 -5714.88 2864.02
93 -8094.56 2260.10
94 -8105.59 2356.85
95 -6805.92 2032.79
96 -6939.97 2173.73
97 -7730.40 2816.32
98 -5223.61 2651.18
99 -8405.49 2533.72
100 -6744.43 2683.68
101 -7324.14 2662.24
102 -8500.82 3105.14
103 -6432.79 3105.85
104 -6231.74 2668.46
105 -6553.01 2747.93
106 -5975.39 2908.91
107 -4976.25 3069.21
108 -6506.72 3148.67
109 -5618.84 2065.25
110 -5799.89 3000.82
111 -8394.41 2666.40
112 -5041.91 3013.26
113 -7222.55 2307.80
114 -5375.64 2483.28
115 -7547.32 2873.69
116 -6156.40 2920.67
117 -5362.51 2982.15
118 -6388.57 3041.59
119 -5523.51 2575.20
120 -5351.44 2593.85
121 -5865.51 2752.08
122 -7744.91 2678.84
123 -6178.52 3153.51
124 -8278.33 2730.66
125 -7230.86 3483.78
126 -8446.23 2776.26
127 -5246.43 2786.63
128 -5613.31 2843.96